  n, insertion_cmp, insertion_swaps, insertion_time, quick_cmp, quick_swaps, quick_time, selection_cmp, selection_swaps, selection_time, merge_cmp, merge_swaps, merge_time
  0,             0,               0,              0,         0,           0,          0,             0,               0,              0,         0,           0,          0
  1,             0,               0,              0,         0,           0,          0,             0,               0,              0,         0,           0,          0
  2,             1,               1,              0,         2,           1,          0,             1,               1,              0,         1,           0,          0
  3,             2,               1,              0,         4,           2,          0,             3,               1,              0,         3,           0,          0
  4,             4,               2,              0,         6,           2,          0,             6,               2,              0,         4,           0,          0
  5,             5,               2,              0,        10,           3,          0,            10,               2,              0,         6,           0,          0
  6,            10,               6,              0,        15,           4,          0,            15,               4,              0,        10,           0,          0
  7,            13,               8,              0,        18,           6,          0,            21,               4,              0,        13,           0,          0
  8,            20,              15,              0,        26,           7,          0,            28,               5,              0,        16,           0,          0
  9,            26,              20,              0,        26,           8,          0,            36,               6,              0,        20,           0,          0
 10,            34,              27,              0,        32,           9,          0,            45,               7,              0,        22,           0,          0
 11,            40,              32,              0,        41,          12,          0,            55,               8,              0,        27,           0,       1022
 12,            44,              35,              0,        49,          13,          0,            66,               9,              0,        31,           0,          0
 13,            55,              45,              0,        49,          11,          0,            78,               9,              0,        34,           0,          0
 14,            59,              48,              0,        54,          15,          0,            91,              10,              0,        37,           0,          0
 15,            67,              55,              0,        64,          17,          0,           105,              11,              0,        41,           0,          0
 16,            70,              57,              0,        74,          18,          0,           120,              13,              0,        45,           0,        999
 17,            83,              69,              0,        84,          17,          0,           136,              11,              0,        49,           0,          0
 18,            92,              77,              0,        78,          20,          0,           153,              11,            981,        56,           0,          0
 19,            95,              79,              0,       104,          21,          0,           171,              11,              0,        59,           0,          0
 20,           114,              98,              0,       113,          22,          0,           190,              16,            995,        63,           0,          0
 21,           133,             116,              0,       126,          24,          0,           210,              16,              0,        68,           0,          0
 22,           154,             136,              0,       140,          23,          0,           231,              18,              0,        74,           0,        998
 23,           168,             149,              0,       129,          29,          0,           253,              21,              0,        81,           0,          0
 24,           182,             162,              0,       123,          30,          0,           276,              22,              0,        86,           0,        998
 25,           198,             177,              0,       134,          34,          0,           300,              21,              0,        90,           0,          0
 26,           211,             189,              0,       135,          34,          0,           325,              23,            999,        90,           0,          0
 27,           235,             212,              0,       159,          36,          0,           351,              24,              0,        92,           0,          0
 28,           241,             217,            999,       175,          35,          0,           378,              23,              0,       102,           0,          0
 29,           248,             223,              0,       182,          37,          0,           406,              25,           1000,       107,           0,          0
 30,           255,             229,              0,       167,          39,          0,           435,              27,              0,       109,           0,          0
 31,           268,             241,            999,       183,          42,          0,           465,              27,              0,       116,           0,          0
 32,           280,             252,              0,       199,          38,       1000,           496,              26,              0,       121,           0,          0
 33,           293,             264,              0,       210,          40,          0,           528,              26,           1000,       127,           0,          0
 34,           321,             291,              0,       213,          46,          0,           561,              31,              0,       131,           0,       1000
 35,           329,             298,              0,       211,          43,          0,           595,              32,              0,       142,           0,          0
 36,           357,             325,           1000,       222,          48,          0,           630,              31,              0,       147,           0,          0
 37,           386,             353,            998,       233,          47,          0,           666,              31,              0,       151,           0,          0
 38,           415,             381,            999,       255,          49,          0,           703,              33,              0,       152,           0,          0
 39,           419,             384,           1001,       276,          48,          0,           741,              34,              0,       154,           0,          0
 40,           458,             423,            998,       274,          54,          0,           780,              37,           1006,       160,           0,        995
 41,           486,             450,            998,       244,          56,          0,           820,              40,           1000,       166,           0,        999
 42,           508,             471,           1000,       293,          62,        999,           861,              37,              0,       174,           0,        999
 43,           538,             500,            999,       272,          59,        999,           903,              36,              0,       181,           0,          0
 44,           544,             505,              0,       289,          58,          0,           946,              39,              0,       189,           0,          0
 45,           558,             518,           1003,       304,          63,          0,           990,              42,            989,       191,           0,        997
 46,           580,             539,           2000,       324,          66,       1003,          1035,              43,              0,       202,           0,        999
 47,           610,             568,              0,       298,          67,          0,          1081,              44,              0,       208,           0,       1000
 48,           635,             592,           2004,       332,          63,        996,          1128,              40,              0,       214,           0,          0
 49,           677,             633,           1996,       328,          67,          0,          1176,              41,              0,       218,           0,          0
 50,           716,             671,            998,       372,          70,          0,          1225,              47,            999,       221,           0,          0
 51,           726,             680,            999,       370,          73,          0,          1275,              48,              0,       227,           0,          0
 52,           729,             682,              0,       416,          72,          0,          1326,              50,            999,       237,           0,          0
 53,           748,             700,           1000,       349,          75,          0,          1378,              52,            999,       234,           0,          0
 54,           800,             751,           1000,       502,          72,          0,          1431,              47,           2003,       242,           0,        999
 55,           848,             798,           1014,       390,          77,          0,          1485,              48,              0,       255,           0,       1003
 56,           884,             833,              0,       406,          81,          0,          1540,              53,            981,       259,           0,        998
 57,           908,             856,           2002,       404,          82,        999,          1596,              52,            998,       264,           0,        999
 58,           949,             896,           2001,       415,          88,          0,          1653,              54,           1019,       272,           0,          0
 59,          1007,             953,           1980,       488,          81,          0,          1711,              57,            997,       272,           0,          0
 60,          1018,             963,           2000,       458,          86,          0,          1770,              57,           1000,       281,           0,          0
 61,          1067,            1011,            998,       491,          93,          0,          1830,              55,            999,       286,           0,          0
 62,          1098,            1041,            999,       438,          98,        999,          1891,              55,              0,       295,           0,          0
 63,          1105,            1047,           1999,       488,          95,          0,          1953,              57,              0,       303,           0,       1000
 64,          1129,            1070,           1000,       510,          99,          0,          2016,              58,           1000,       308,           0,          0
 65,          1139,            1079,           1000,       515,         100,        999,          2080,              61,              0,       313,           0,          0
 66,          1190,            1129,           1996,       536,         104,          0,          2145,              63,           1004,       319,           0,        997
 67,          1252,            1190,           1999,       533,         108,       1000,          2211,              64,           1000,       322,           0,        999
 68,          1318,            1255,           1999,       623,         101,          0,          2278,              61,           2000,       332,           0,          0
 69,          1382,            1318,           2000,       581,         112,       1000,          2346,              60,           1000,       337,           0,       1002
 70,          1448,            1383,            997,       722,         105,        997,          2415,              65,            999,       344,           0,          0
 71,          1502,            1436,           1999,       551,         113,          0,          2485,              68,           1000,       354,           0,          0
 72,          1503,            1436,           1999,       622,         114,          0,          2556,              68,           1001,       364,           0,          0
 73,          1571,            1503,           1998,       600,         116,          0,          2628,              67,            999,       368,           0,        999
 74,          1616,            1547,            999,       538,         118,          0,          2701,              71,            999,       370,           0,          0
 75,          1682,            1612,           2000,       608,         113,          0,          2775,              70,            995,       379,           0,          0
 76,          1706,            1635,           2004,       646,         120,        999,          2850,              73,              0,       383,           0,        999
 77,          1710,            1638,           2000,       684,         128,          0,          2926,              74,            999,       383,           0,          0
 78,          1746,            1673,           2000,       612,         128,          0,          3003,              73,           1979,       389,           0,          0
 79,          1814,            1740,           1998,       656,         128,        999,          3081,              74,            999,       397,           0,          0
 80,          1819,            1744,           1999,       691,         124,          0,          3160,              74,           1000,       403,           0,        999
 81,          1859,            1783,           1999,       676,         129,          0,          3240,              79,           1000,       409,           0,          0
 82,          1882,            1805,           1999,       699,         132,       1000,          3321,              79,           1001,       415,           0,          0
 83,          1933,            1855,           2000,       678,         138,          0,          3403,              79,           1003,       427,           0,        997
 84,          1938,            1859,           1998,       739,         134,          0,          3486,              79,           1001,       434,           0,        999
 85,          1983,            1903,           2999,       716,         135,          0,          3570,              79,           2000,       441,           0,       1001
 86,          2010,            1929,           1998,       790,         139,       1000,          3655,              81,           2000,       447,           0,       1020
 87,          2055,            1973,           1995,       752,         136,          0,          3741,              83,           1004,       457,           0,       1000
 88,          2094,            2011,           1999,       732,         145,          0,          3828,              85,           1000,       463,           0,       1000
 89,          2130,            2046,           1999,       740,         148,       1000,          3916,              84,            999,       467,           0,        977
 90,          2185,            2100,           4002,       787,         146,        999,          4005,              87,            999,       473,           0,          0
 91,          2198,            2112,           2999,       795,         153,          0,          4095,              85,            997,       487,           0,        998
 92,          2212,            2125,           1999,       801,         153,          0,          4186,              88,           1999,       494,           0,          0
 93,          2255,            2167,           2000,       734,         162,       1101,          4278,              88,           1003,       498,           0,        997
 94,          2295,            2206,           2998,       765,         161,          0,          4371,              89,           2999,       501,           0,          0
 95,          2303,            2213,           3000,       819,         157,       1001,          4465,              92,            999,       516,           0,          0
 96,          2379,            2288,           4002,       831,         160,          0,          4560,              93,           1997,       521,           0,          0
 97,          2421,            2329,           3019,       813,         165,          0,          4656,              92,           2000,       529,           0,          0
 98,          2517,            2424,           2999,      1011,         167,          0,          4753,              90,           1995,       535,           0,          0
 99,          2602,            2508,           3004,       863,         168,       1000,          4851,              94,            999,       537,           0,       1000
100,          2664,            2569,           2978,       867,         168,       1001,          4950,              97,           1998,       539,           0,       1000
